R -100,400 1121,400 1121,500 -100,500 FFFFFFFFTFFFF 0,100,0,5,20,0,0,0,0,0,5,8,100,100,40,25 !
T 516,399 561,320 609,399 TFFFFFFFTFFFF 0,100,0,5,20,0,166,183,166,183,5,8,100,100,40,25 !
R 328,-5 793,-5 793,233 328,233 FFFFFFFFTFFFF 0,100,0,5,20,0,-126,-93,-126,-93,5,8,100,100,40,25 !
T 704,398 749,322 797,398 TFFFFFFFTFFFF 0,100,0,5,20,0,-126,-93,-126,-93,5,8,100,100,40,25 !
T 514,234 468,307 422,233 TFFFFFFFTFFFF 0,100,-181,5,20,0,-126,-93,-126,-93,5,8,100,100,40,25 !
T 710,233 664,309 618,231 TFFFFFFFTFFFF 0,100,-181,5,20,0,-126,-93,-126,-93,5,8,100,100,40,25 !
T 836,399 881,322 929,399 TFFFFFFFTFFFF 0,100,0,5,20,0,-126,-93,-126,-93,5,8,100,100,40,25 !
T 334,402 382,325 427,402 TFFFFFFFTFFFF 0,100,0,5,20,0,-126,-93,-126,-93,5,8,100,100,40,25 !
Z 830,292 843,292 839,301 819,301 819,281 839,281 839,301 FFFTFFFFTFFFF 0,100,0,5,20,0,-126,-93,-126,-93,5,8,100,100,40,25 !
R 1085,-83 1209,-83 1209,427 1085,427 FFFFTFFFTFFFT 0,100,0,5,20,0,-104,-318,-104,-318,5,8,100,100,40,25 !
R 108,128 208,128 208,228 108,228 FFFFFFFFTFFTF 0,100,0,5,20,0,0,0,0,0,5,8,100,100,40,25 !
$
R -100,400 1100,400 1100,500 -100,500 FFFFFFFFTFFFF 0,100,0,5,20,0,0,0,0,0,5,8,100,100,40,25 !
R -159,-44 -59,-44 -59,419 -159,419 FFFFTFFFTFFFF 0,100,0,5,20,0,0,0,0,0,5,8,100,100,40,25 !
R 177,127.8 217,127.8 217,295.8 177,295.8 TFFFFFFTFFFFF 112,100,0,5,20,0,177,70,177,243,5,8,100,100,40,25 !
R 326,83.1429 365,83.1429 365,256.143 326,256.143 TFFFFFFTFFFFF 180,100,0,5,14,0,326,93,326,265,5,8,100,100,40,25 !
R 244,181.5 284,181.5 284,351.5 244,351.5 TFFFFFFTFFFFF 80,100,0,5,32,0,244,93,244,265,5,8,100,100,40,25 !
C 769.087,368 784.087,368 784.087,368 782.087,375 776.087,381 769.087,383 762.087,381 757.087,376 755.087,368 757.087,361 762.087,356 769.087,354 776.087,356 782.087,361 783.087,368 TFFFFFTFFFFFF 143,215,0,5,23,0,646,368,914,368,5,8,100,100,40,25 !
C 554,8 583,8 583,8 579,22 568,33 554,37 539,33 528,23 524,8 528,-6 538,-17 553,-21 568,-17 579,-6 583,7 FTFFFFFFTFFFF 29670,175,88,5,4,0,359,-52,359,-52,5,8,100,100,40,25 !
C 827,5 849,5 849,5 845,15 838,23 827,26 816,23 807,16 805,5 807,-5 815,-14 826,-16 837,-14 845,-6 848,4 FTFFFFFFTFFFF 29319,100,92,5,5,0,554,-4,554,-4,5,8,100,100,40,25 !
R 1092,-80 1258,-80 1258,401 1092,401 FFFFTFFFTFFFT 0,100,0,5,20,0,5,-354,5,-354,5,8,100,100,40,25 !
C 823.591,104.942 833.591,104.942 830.591,111.942 815.591,111.942 815.591,97.9419 830.591,97.9419 830.591,111.942 TFFFFTFFTFFFF 20,100,0,5,-0.17043,0,0,0,0,0,5,8,100,100,40,25 !
$
R -100,400 1100,400 1100,500 -100,500 FFFFFFFFTFFFF 0,100,0,5,20,0,0,0,0,0,5,8,100,100,40,25 !
R -251,-142 -40,-142 -40,402 -251,402 FFFFTFFFTFFFF 0,100,0,5,20,0,-523,-279,-523,-279,5,8,100,100,40,25 !
R 1026,-207 1237,-207 1237,426 1026,426 FFFFTFFFTFFFT 0,100,0,5,20,0,-523,-279,-523,-279,5,8,100,100,40,25 !
P 122,408 182,322 309,253 367,66 FFFFFFFFTFFFF 0,100,0,5,20,0,-588,-617,-588,-617,5,8,100,100,40,25 !
T 211,305 231,250 291,261 TFFFFFFFTFFFF 0,100,24,5,20,0,79,-142,79,-142,5,8,100,100,40,25 !
T 355,100 344,76 368,66 TFFFFFFFTFFFF 0,100,69,5,20,0,165,99,165,99,5,8,100,100,40,25 !
T 330,180 319,156 343,146 TFFFFFFFTFFFF 0,100,0,5,20,0,0,0,0,0,5,8,100,100,40,25 !
R 366,62 392,62 392,269 366,269 FFFFFFFFTFFFF 0,100,0,5,20,0,0,0,0,0,5,8,100,100,40,25 !
R 493,-162 565,-162 565,323 493,323 FFFFFFFFTFFFF 0,100,0,5,20,0,0,0,0,0,5,8,100,100,40,25 !
T 491,249 458,213 493,179 TFFFFFFFTFFFF 0,100,-272,5,20,0,129,31,129,31,5,8,100,100,40,25 !
T 491,82 456,47 491,12 TFFFFFFFTFFFF 0,100,-179,5,20,0,0,0,0,0,5,8,100,100,40,25 !
T 394,106 429,141 393,175 TFFFFFFFTFFFF 0,100,0,5,20,0,0,0,0,0,5,8,100,100,40,25 !
R 305,324 492,324 492,338 305,338 FFFFFFFFTFFFF 0,100,0,5,20,0,0,0,0,0,5,8,100,100,40,25 !
T 605,400 618,386 632,400 TFFFFFFFTFFFF 0,100,0,5,20,0,674,268,674,268,5,8,100,100,40,25 !
P 805,113 747,322 672,415 FFFFFFFFTFFFF 0,100,0,5,20,0,0,0,0,0,5,8,100,100,40,25 !
R 565,175 665,175 665,203 565,203 FFFFFFFFTFFFF 0,100,0,5,20,0,0,0,0,0,5,8,100,100,40,25 !
R 715,94 867,94 867,126 715,126 FFFFFFFFTFFFF 0,100,0,5,20,0,0,0,0,0,5,8,100,100,40,25 !
T 714,126 679,111 714,97 TFFFFFFFTFFFF 0,100,84,5,20,0,130,56,130,56,5,8,100,100,40,25 !
R 566,-170 1027,-170 1027,10 566,10 FFFFFFFFTFFFF 0,100,0,5,20,0,-238,-301,-238,-301,5,8,100,100,40,25 !
R 948,12 997,12 997,286 948,286 FFFFFFFFTFFFF 0,100,0,5,20,0,-238,-301,-238,-301,5,8,100,100,40,25 !
C 862,275 897,275 897,275 892,292 880,306 862,310 844,306 830,293 826,275 830,257 843,244 861,239 879,244 892,257 897,274 FFFFFFFFTFFFF 0,100,0,5,20,0,16,-154,16,-154,5,8,100,100,40,25 !
R -2,311 98,311 98,411 -2,411 FFFFFFFFTFFTF 0,100,0,5,20,0,0,0,0,0,5,8,100,100,40,25 !
C 193,378 214,378 214,378 211,388 203,396 193,398 182,396 174,388 171,378 174,367 181,359 192,356 203,359 211,366 213,377 FTFFFFFFTFFFF 2411,100,0,5,7,0,86,57,86,57,5,8,100,100,40,25 !
C 1670,938 1680,938 1677,945 1662,945 1662,930 1677,930 1677,945 TFFFFTFFTFFFF 211,100,0,5,7,0,0,0,0,0,5,8,100,100,40,25 !
C 977,938 987,938 984,945 969,945 969,930 984,930 984,945 TFFFFTFFTFFFF 112,100,0,5,7,0,0,0,0,0,5,8,100,100,40,25 !
C 277,378 287,378 284,385 269,385 269,370 284,370 284,385 TFFFFTFFTFFFF 12,100,0,5,7,0,0,0,0,0,5,8,100,100,40,25 !
$
R -100,400 1100,400 1100,500 -100,500 FFFFFFFFTFFFF 0,100,0,5,20,0,0,0,0,0,5,8,100,100,40,25 !
Z 199,342 209,342 206,349 191,349 191,334 206,334 206,349 FFFTFFFFTFFFF 0,100,0,5,20,0,0,0,0,0,5,8,100,100,40,25 !
Z 307,247 317,247 314,254 299,254 299,239 314,239 314,254 FFFTFFFFTFFFF 125,100,0,5,20,0,0,0,0,0,5,8,100,100,40,25 !
Z 410,178 420,178 417,185 402,185 402,170 417,170 417,185 FFFTFFFFTFFFF 100,100,0,5,20,0,0,0,0,0,5,8,100,100,40,25 !
T 454,180 781,153 463,404 FFFFFFFFTFFFF 0,100,0,5,20,0,0,0,0,0,5,8,100,100,40,25 !
R 779,98 879,98 879,198 779,198 FFFFFFFFTFFFF 0,100,0,5,20,0,0,0,0,0,5,8,100,100,40,25 !
R -107,-115 0,-115 0,406 -107,406 FFFFFFFFTFFFF 0,100,0,5,20,0,-275,-108,-275,-108,5,8,100,100,40,25 !
R 776,-123 876,-123 876,-23 776,-23 FFFFTFFFTFFFT 0,100,0,5,20,0,0,0,0,0,5,8,100,100,40,25 !
R 780,-2 880,-2 880,98 780,98 FFFFFFFFTFFTF 0,100,0,5,20,0,0,0,0,0,5,8,100,100,40,25 !
R 950,-206 1004,-206 1004,198 950,198 FFFFFFFFTFFFF 0,100,0,5,20,0,0,0,0,0,5,8,100,100,40,25 !
R 872,103 1159,103 1159,195 872,195 FFFFFFFFTFFFF 0,100,0,5,20,0,-1381,-260,-1381,-260,5,8,100,100,40,25 !
$
R 906,431 1302,431 1302,530 906,530 FFFFFFFFTFFFF 0,100,0,5,20,0,0,0,0,0,5,8,100,100,40,25 !
R -100,435 701,435 701,531 -100,531 FFFFFFFFTFFFF 0,100,0,5,20,0,-256,-254,-256,-254,5,8,100,100,40,25 !
R 611,527 1048,527 1048,715 611,715 FFFFTFFFTFFFF 0,100,0,5,20,0,-160,-379,-160,-379,5,8,100,100,40,25 !
Z 815,406 825,406 822,413 807,413 807,398 822,398 822,413 FFFTFFFFTFFFF 0,100,0,5,20,0,486,72,486,72,5,8,100,100,40,25 !
R 157,2 257,2 257,438 157,438 FFFFFFFFTFFFF 0,100,0,5,20,0,0,0,0,0,5,8,100,100,40,25 !
R 953,-6 1053,-6 1053,431 953,431 FFFFFFFFTFFFF 0,100,0,5,20,0,0,0,0,0,5,8,100,100,40,25 !
Z 369,260 379,260 376,267 361,267 361,252 376,252 376,267 FFFTFFFFTFFFF 116,100,0,5,20,0,0,0,0,0,5,8,100,100,40,25 !
R 253,121 323,121 323,221 253,221 FFTFFFFFTFFFF 0,100,0,14,20,0,0,0,0,0,5,8,100,100,40,25 !
Z 707,211 717,211 714,218 699,218 699,203 714,203 714,218 FFFTFFFFTFFFF 66,100,0,5,20,0,0,0,0,0,5,8,100,100,40,25 !
Z 881,126 891,126 888,133 873,133 873,118 888,118 888,133 FFFTFFFFTFFFF 37,100,0,5,20,0,0,0,0,0,5,8,100,100,40,25 !
Z 726,40 736,40 733,47 718,47 718,32 733,32 733,47 FFFTFFFFTFFFF 8,100,0,5,20,0,0,0,0,0,5,8,100,100,40,25 !
R 254,-108 954,-108 954,-8 254,-8 FFFFTFFFTFFFT 0,100,0,5,20,0,32,-159,32,-159,5,8,100,100,40,25 !
$
P 106,454 156,504 FFFFFFFFTFFFF 0,100,0,5,20,0,0,0,0,0,5,8,100,100,40,25 !
R 941,469 1003,469 1003,503 941,503 FFFFFFFFTFFFF 0,100,0,5,20,0,-168,-106,-168,-106,5,8,100,100,40,25 !
R 0,468 549,468 549,502 0,502 FFFFFFFFTFFFF 0,100,0,5,20,0,-168,-106,-168,-106,5,8,100,100,40,25 !
Z 599,450 609,450 606,457 591,457 591,442 606,442 606,457 FFFTFFFFTFFFF 0,100,0,5,20,0,0,0,0,0,5,8,100,100,40,25 !
Z 693,452 703,452 700,459 685,459 685,444 700,444 700,459 FFFTFFFFTFFFF 0,100,0,5,20,0,0,0,0,0,5,8,100,100,40,25 !
Z 796,453 806,453 803,460 788,460 788,445 803,445 803,460 FFFTFFFFTFFFF 0,100,0,5,20,0,0,0,0,0,5,8,100,100,40,25 !
Z 894,454 904,454 901,461 886,461 886,446 901,446 901,461 FFFTFFFFTFFFF 0,100,0,5,20,0,0,0,0,0,5,8,100,100,40,25 !
R 540,506 953,506 953,606 540,606 FFFFTFFFTFFFF 0,100,0,5,20,0,142,162,142,162,5,8,100,100,40,25 !
C 379,407 456,407 456,407 445,444 417,473 379,482 340,473 310,445 301,407 310,368 338,338 377,329 416,338 445,366 454,405 FFFFFFFFTFFFF 0,100,0,5,20,0,-143,-193,-143,-193,5,8,100,100,40,25 !
C 295,317 345,317 345,317 338,341 320,360 295,366 270,360 251,342 245,317 251,292 269,273 294,267 319,273 338,291 344,316 FFFFFFFFTFFFF 0,100,0,5,20,0,0,0,0,0,5,8,100,100,40,25 !
C 182,206 291,206 291,206 276,258 236,300 182,313 127,300 85,260 72,206 85,151 124,109 179,96 234,109 276,148 289,203 FFFFFFFFTFFFF 0,100,0,5,20,0,-261,-294,-261,-294,5,8,100,100,40,25 !
T 193,147 190,-90 59,35 FFFFFFFFTFFFF 0,100,0,5,20,0,0,0,0,0,5,8,100,100,40,25 !
P 336,93 616,159 841,99 1009,139 FFFFFFFFTFFFF 0,100,0,5,20,0,0,0,0,0,5,8,100,100,40,25 !
R 1010,-16 1110,-16 1110,152 1010,152 FFFFTFFFTFFFT 0,100,0,5,20,0,504,-136,504,-136,5,8,100,100,40,25 !
$
R -100,400 1100,400 1100,500 -100,500 FFFFFFFFTFFFF 0,100,0,5,20,0,0,0,0,0,5,8,100,100,40,25 !
R -52,36 60,36 60,396 -52,396 FFFFFFFFTFFTF 0,100,0,5,20,0,0,0,0,0,5,8,100,100,40,25 !
Z 606,284 616,284 613,291 598,291 598,276 613,276 613,291 FFFTFFFFTFFFF 146,100,0,5,20,0,0,0,0,0,5,8,100,100,40,25 !
Z 742,211 752,211 749,218 734,218 734,203 749,203 749,218 FFFTFFFFTFFFF 101,100,0,5,20,0,0,0,0,0,5,8,100,100,40,25 !
P -3.85617,-1.063 -3.85617,-1.063 FFFFFFFFTFFFF 0,100,16956,5,20,1,0,0,0,0,5,8,100,100,40,25 !
R 280.921,255.793 376.418,229.216 403.693,325.943 307.232,352.254 TFFFFFFFTFFFF 0,100,9020,5,20,1,0,0,0,0,5,8,100,100,40,25 !
R 457.376,348.263 438.61,250.771 536.103,232.005 554.869,329.497 TFFFFFFFTFFFF 0,100,8745,5,20,1,0,0,0,0,5,8,100,100,40,25 !
T 861,403 1007,241 1061,403 FFFFFFFFTFFFF 0,100,0,5,20,0,0,0,0,0,5,8,100,100,40,25 !
T 660.033,206.162 782.329,277.181 711.309,399.477 TFFFFFFFTFFFF 0,100,285,5,20,1,0,0,0,0,5,8,100,100,40,25 !
@